Run 1 results: 
{'loss': [0.9355750679969788, 0.5698959827423096, 0.4193158745765686, 0.3675248622894287, 0.4050339162349701, 0.37375959753990173, 0.3472365736961365, 0.3333096206188202, 0.3099832534790039, 0.3036958873271942, 0.29670411348342896, 0.2854304313659668, 0.30167385935783386, 0.2480299025774002, 0.28725308179855347, 0.2520529627799988, 0.23424552381038666, 0.234038308262825, 0.2723236680030823, 0.23940253257751465, 0.20502442121505737, 0.2383849173784256, 0.2237900048494339, 0.20929232239723206], 'get_f1': [0.5612115859985352, 0.6426934003829956, 0.7182769179344177, 0.7596806883811951, 0.7347451448440552, 0.763963520526886, 0.7841269373893738, 0.7803941965103149, 0.80340576171875, 0.7959184050559998, 0.8169963955879211, 0.8004884719848633, 0.8107391595840454, 0.841688334941864, 0.8157575726509094, 0.8325024843215942, 0.8577092885971069, 0.8340029120445251, 0.8181643486022949, 0.837953507900238, 0.8523740172386169, 0.844435453414917, 0.8550587892532349, 0.8656042218208313], 'val_loss': [0.3645426630973816, 0.5464438199996948, 0.5865105986595154, 0.5566987991333008, 0.29977014660835266, 0.3216268718242645, 0.3534637987613678, 0.28566908836364746, 0.34363508224487305, 0.28410932421684265, 0.3190579414367676, 0.26529571413993835, 0.27183860540390015, 0.42667385935783386, 0.4994727075099945, 0.2818072438240051, 0.27165770530700684, 0.24680151045322418, 0.2508007884025574, 0.4497130513191223, 0.22832638025283813, 0.2753877639770508, 0.4287816286087036, 0.28119945526123047], 'val_get_f1': [0.761269748210907, 0.7032989859580994, 0.7415453791618347, 0.4866439700126648, 0.744137167930603, 0.7604183554649353, 0.7164110541343689, 0.832582950592041, 0.6340113878250122, 0.7897483706474304, 0.8048399090766907, 0.7659616470336914, 0.8077073097229004, 0.7654290795326233, 0.5340238213539124, 0.8327082991600037, 0.8153408169746399, 0.8185364007949829, 0.8469923138618469, 0.6941371560096741, 0.820226788520813, 0.7598844766616821, 0.608468234539032, 0.8223124742507935]}

Test loss, test f1: [0.5695515275001526, 0.7652910947799683]

Run 2 results: 
{'loss': [1.01363205909729, 0.5703818798065186, 0.40840113162994385, 0.40892520546913147, 0.3659391701221466, 0.345252126455307, 0.33162721991539, 0.3170245587825775, 0.29943060874938965, 0.3265896141529083, 0.2789318263530731, 0.2827160060405731, 0.25825706124305725, 0.2751549780368805, 0.26025059819221497, 0.27574092149734497], 'get_f1': [0.5477368235588074, 0.6357678771018982, 0.7227933406829834, 0.7247733473777771, 0.7483838796615601, 0.768864095211029, 0.7818530201911926, 0.7931392192840576, 0.7921591401100159, 0.7873639464378357, 0.8177423477172852, 0.8073514103889465, 0.8271913528442383, 0.82563716173172, 0.8294149041175842, 0.8045505881309509], 'val_loss': [1.0224275588989258, 0.4225154519081116, 0.48136651515960693, 0.30504941940307617, 0.3301643431186676, 0.31198012828826904, 0.31227847933769226, 0.30897948145866394, 0.33443549275398254, 0.32914721965789795, 0.3636665344238281, 0.2475103884935379, 0.2466641068458557, 0.3118422329425812, 0.32130396366119385, 0.23293636739253998], 'val_get_f1': [0.6484623551368713, 0.6038548350334167, 0.7753081917762756, 0.8367655873298645, 0.7107935547828674, 0.7792080640792847, 0.8579405546188354, 0.7125952839851379, 0.8172149062156677, 0.7331292033195496, 0.6751699447631836, 0.8216447234153748, 0.9120528697967529, 0.8433765769004822, 0.8649144172668457, 0.9102926254272461]}

Test loss, test f1: [0.6981180906295776, 0.6892043352127075]

Run 3 results: 
{'loss': [1.0936079025268555, 0.4944802224636078, 0.441042423248291, 0.41820746660232544, 0.3606380522251129, 0.3221206068992615, 0.3254657983779907, 0.31382453441619873, 0.30970093607902527, 0.32622334361076355, 0.2994263470172882, 0.2663009762763977, 0.23945164680480957, 0.26758307218551636, 0.25271913409233093, 0.2488931566476822], 'get_f1': [0.5383359789848328, 0.6675920486450195, 0.7167905569076538, 0.7127020955085754, 0.7574619650840759, 0.7907236218452454, 0.7802613377571106, 0.7954691052436829, 0.8007788062095642, 0.7838732004165649, 0.8041185140609741, 0.8223013281822205, 0.8380665183067322, 0.8207202553749084, 0.8361114263534546, 0.8461695909500122], 'val_loss': [0.5273774862289429, 1.0652592182159424, 0.4734030067920685, 0.3003358840942383, 0.2754344940185547, 0.3284340798854828, 0.3855498731136322, 0.26555997133255005, 0.22717230021953583, 0.2852432429790497, 0.2349904477596283, 0.2724408805370331, 0.2815939486026764, 0.24919411540031433, 0.2593499422073364, 0.2568899989128113], 'val_get_f1': [0.6910568475723267, 0.6543172001838684, 0.7518625855445862, 0.7169541716575623, 0.8040969967842102, 0.7814717292785645, 0.7807741165161133, 0.8130313158035278, 0.8523056507110596, 0.8333556056022644, 0.8867728114128113, 0.7731724977493286, 0.8286529183387756, 0.7953038811683655, 0.8726736307144165, 0.8788672089576721]}

Test loss, test f1: [0.5487117171287537, 0.7372130155563354]

Run 4 results: 
{'loss': [0.9555113911628723, 0.5232354998588562, 0.47679367661476135, 0.39703741669654846, 0.37786170840263367, 0.31614357233047485, 0.38297465443611145, 0.29575756192207336, 0.31007805466651917, 0.337728887796402, 0.2879960238933563, 0.28508734703063965, 0.293235182762146, 0.288837194442749, 0.25030356645584106, 0.25696417689323425, 0.25682520866394043, 0.2377437800168991, 0.2430407702922821, 0.2296314835548401, 0.22498562932014465, 0.19746537506580353, 0.2239547073841095, 0.2455540895462036, 0.22814181447029114], 'get_f1': [0.5672481656074524, 0.6628965735435486, 0.6965550780296326, 0.7241865396499634, 0.7426773905754089, 0.8047729730606079, 0.7676742076873779, 0.815140426158905, 0.8102136850357056, 0.7803966403007507, 0.8115715980529785, 0.8037217855453491, 0.8141722083091736, 0.8277886509895325, 0.8317219018936157, 0.8249620795249939, 0.8323543667793274, 0.8362463116645813, 0.8334839344024658, 0.846449077129364, 0.8474917411804199, 0.8598407506942749, 0.8549505472183228, 0.8392285108566284, 0.854640007019043], 'val_loss': [0.39664092659950256, 0.34458282589912415, 0.3501526117324829, 0.3062678277492523, 0.29002031683921814, 0.45575791597366333, 0.2674253582954407, 0.253233402967453, 0.38481125235557556, 0.36004719138145447, 0.2030118852853775, 0.2635612487792969, 0.20309630036354065, 0.21292142570018768, 0.412090539932251, 0.2497875690460205, 0.18022668361663818, 0.23494108021259308, 0.33399948477745056, 0.32131364941596985, 0.28298816084861755, 0.2485174685716629, 0.20206588506698608, 0.2501234710216522, 0.2036941796541214], 'val_get_f1': [0.7706365585327148, 0.772197425365448, 0.8243987560272217, 0.7630714774131775, 0.84492027759552, 0.5708163380622864, 0.8157019019126892, 0.839292585849762, 0.6763367652893066, 0.6737290620803833, 0.8666996955871582, 0.8441493511199951, 0.854557454586029, 0.8754521608352661, 0.7713598012924194, 0.8396718502044678, 0.8522552251815796, 0.8441022634506226, 0.7540919780731201, 0.7252257466316223, 0.7969821095466614, 0.8540706634521484, 0.8496701121330261, 0.8424193859100342, 0.8245908617973328]}

Test loss, test f1: [0.7880708575248718, 0.5390774011611938]

Run 5 results: 
{'loss': [0.9887233972549438, 0.48392513394355774, 0.44395875930786133, 0.37966233491897583, 0.3595280349254608, 0.34477266669273376, 0.31079328060150146, 0.33473920822143555, 0.33167344331741333, 0.3101196885108948, 0.3045462965965271, 0.28234028816223145, 0.28022560477256775, 0.30598974227905273, 0.2636150121688843, 0.23303595185279846, 0.2576562464237213, 0.23404008150100708, 0.23422031104564667], 'get_f1': [0.5612041354179382, 0.7031358480453491, 0.7155904173851013, 0.7545716166496277, 0.7647425532341003, 0.7702257037162781, 0.7928184866905212, 0.7822500467300415, 0.7825135588645935, 0.8036817312240601, 0.7991795539855957, 0.8132309317588806, 0.8225235342979431, 0.7950479984283447, 0.8335856199264526, 0.8520898818969727, 0.8381797075271606, 0.8394864797592163, 0.8486514091491699], 'val_loss': [0.5479557514190674, 0.41214820742607117, 0.4591675400733948, 0.30909156799316406, 0.2702287435531616, 0.29323282837867737, 0.30700457096099854, 0.2339870184659958, 0.2867940664291382, 0.217083141207695, 0.22443212568759918, 0.2752905488014221, 0.4298459589481354, 0.22780421376228333, 0.1969117969274521, 0.26164039969444275, 0.2509631812572479, 0.15861758589744568, 0.19717808067798615], 'val_get_f1': [0.745640754699707, 0.8249003887176514, 0.47867241501808167, 0.7180002927780151, 0.8165198564529419, 0.6987506747245789, 0.8607873916625977, 0.8682413101196289, 0.6974560618400574, 0.8784786462783813, 0.8886493444442749, 0.8673076033592224, 0.5604184865951538, 0.8697360754013062, 0.8681714534759521, 0.8742588758468628, 0.8888352513313293, 0.9272066354751587, 0.9121294021606445]}

Test loss, test f1: [0.6474648714065552, 0.7279196381568909]

Run 6 results: 
{'loss': [0.982230007648468, 0.5057587027549744, 0.4619899094104767, 0.3818928897380829, 0.38520753383636475, 0.34863799810409546, 0.3321063816547394, 0.36745190620422363, 0.3471750020980835, 0.27983713150024414, 0.2877596914768219, 0.3178505003452301, 0.24638961255550385, 0.2688234746456146, 0.2579430043697357, 0.28476789593696594], 'get_f1': [0.5545586347579956, 0.6665698289871216, 0.6944684982299805, 0.7621037364006042, 0.7425929307937622, 0.7649223804473877, 0.7971969842910767, 0.7689650654792786, 0.7664541602134705, 0.8129054307937622, 0.8074329495429993, 0.7995209693908691, 0.8339666128158569, 0.8284469246864319, 0.8413705825805664, 0.8250928521156311], 'val_loss': [0.4965479075908661, 0.438138872385025, 0.48434212803840637, 0.2995816767215729, 0.26286107301712036, 0.36564481258392334, 0.34492045640945435, 0.3510226905345917, 0.2739194929599762, 0.3049990236759186, 0.3047823905944824, 0.2708089053630829, 0.2089797854423523, 0.321451336145401, 0.40904322266578674, 0.2330337017774582], 'val_get_f1': [0.6615645885467529, 0.6034240126609802, 0.449727863073349, 0.7742279767990112, 0.9187177419662476, 0.8140074014663696, 0.6494330763816833, 0.7403379678726196, 0.8551473617553711, 0.7150112986564636, 0.8130158185958862, 0.7419500350952148, 0.8804988861083984, 0.8316882848739624, 0.8140981197357178, 0.8769840598106384]}

Test loss, test f1: [0.6025102138519287, 0.6892670392990112]

Run 7 results: 
{'loss': [1.149013876914978, 0.5080351233482361, 0.5053437948226929, 0.3993475139141083, 0.39524009823799133, 0.33128586411476135, 0.3242138922214508, 0.3105146586894989, 0.33285096287727356, 0.31750401854515076, 0.33097177743911743], 'get_f1': [0.5629307627677917, 0.6899874806404114, 0.6936283707618713, 0.7132308483123779, 0.7291576862335205, 0.7777462601661682, 0.7826082110404968, 0.7874947190284729, 0.7818808555603027, 0.7806411385536194, 0.7608780264854431], 'val_loss': [0.6424084901809692, 0.4068663716316223, 0.36715593934059143, 0.3551926910877228, 0.3130844533443451, 0.3538535237312317, 0.24813131988048553, 0.23867541551589966, 0.36063286662101746, 0.22100473940372467, 0.25033658742904663], 'val_get_f1': [0.7144009470939636, 0.6278766989707947, 0.6882311701774597, 0.686598539352417, 0.8542960286140442, 0.8242318034172058, 0.8914121389389038, 0.8803397417068481, 0.8238611221313477, 0.9147840142250061, 0.8397607207298279]}

Test loss, test f1: [0.6458010673522949, 0.6132988333702087]

Run 8 results: 
{'loss': [1.3152588605880737, 0.5601450800895691, 0.43077534437179565, 0.44174855947494507, 0.3427110016345978, 0.3692835569381714, 0.36058926582336426, 0.32772037386894226, 0.30945226550102234, 0.2869991958141327, 0.3132776618003845, 0.3069515824317932, 0.2620037794113159, 0.26174402236938477, 0.2458716630935669, 0.26302722096443176, 0.25069114565849304, 0.23094461858272552, 0.22538666427135468, 0.22246965765953064, 0.26336950063705444, 0.21694207191467285, 0.2397276908159256, 0.21709345281124115, 0.22954294085502625], 'get_f1': [0.5414021015167236, 0.6422986388206482, 0.6966869235038757, 0.7048015594482422, 0.7732530832290649, 0.7420880794525146, 0.7461503148078918, 0.7690017819404602, 0.8012077212333679, 0.8102539777755737, 0.7940654158592224, 0.7842836976051331, 0.822775661945343, 0.8135055303573608, 0.8495810031890869, 0.8213514685630798, 0.8263385891914368, 0.8573450446128845, 0.8515934348106384, 0.8416117429733276, 0.8234682083129883, 0.8436065912246704, 0.8407648205757141, 0.845116376876831, 0.8374882340431213], 'val_loss': [0.3883293867111206, 0.3904656171798706, 0.39573588967323303, 0.322956919670105, 0.41052961349487305, 0.47020387649536133, 0.2951537072658539, 0.3255417048931122, 0.41123929619789124, 0.2638278901576996, 0.4190589189529419, 0.32209405303001404, 0.35023123025894165, 0.2734593451023102, 0.2552872896194458, 0.3008861839771271, 0.2644367218017578, 0.35035440325737, 0.2164750099182129, 0.2398432046175003, 0.30312487483024597, 0.20233412086963654, 0.24654045701026917, 0.19212253391742706, 0.3127831220626831], 'val_get_f1': [0.7619810104370117, 0.7576145529747009, 0.7290121912956238, 0.8209542036056519, 0.7181298136711121, 0.7019373178482056, 0.9006621837615967, 0.8902870416641235, 0.8031702041625977, 0.8337618112564087, 0.716495156288147, 0.8239642381668091, 0.7317022681236267, 0.8650364875793457, 0.8768615126609802, 0.8837600946426392, 0.8726668357849121, 0.7653077840805054, 0.9279918074607849, 0.8889113068580627, 0.7887998223304749, 0.9125248789787292, 0.9070412516593933, 0.9328568577766418, 0.8663064241409302]}

Test loss, test f1: [0.5880452394485474, 0.7688438296318054]

Run 9 results: 
{'loss': [1.1635894775390625, 0.4946659505367279, 0.43496888875961304, 0.403420090675354, 0.35733336210250854, 0.38563644886016846, 0.35217446088790894, 0.3275388777256012, 0.32471925020217896, 0.3255072236061096, 0.2994477152824402, 0.2917086184024811, 0.29163965582847595, 0.2877596914768219, 0.2586674988269806, 0.24109934270381927, 0.2249300479888916, 0.21805568039417267, 0.2459219992160797, 0.2630199193954468, 0.20056815445423126, 0.2371775209903717, 0.22016863524913788, 0.19695962965488434, 0.23840712010860443, 0.2099369466304779, 0.18755008280277252, 0.2025572955608368, 0.18439947068691254, 0.22544638812541962], 'get_f1': [0.5081014633178711, 0.6522119641304016, 0.6986251473426819, 0.7280557751655579, 0.7639287114143372, 0.7482815980911255, 0.747101902961731, 0.7719674110412598, 0.7811244130134583, 0.7667961716651917, 0.7880988717079163, 0.8276346921920776, 0.8005896806716919, 0.7988918423652649, 0.8264787197113037, 0.8325103521347046, 0.853013813495636, 0.8508903384208679, 0.8363490700721741, 0.836056649684906, 0.8538391590118408, 0.8333289623260498, 0.8397560715675354, 0.8535581231117249, 0.8452353477478027, 0.8430337905883789, 0.8692712783813477, 0.8723443746566772, 0.8774858713150024, 0.857222855091095], 'val_loss': [0.5151994824409485, 0.4391982853412628, 0.34978052973747253, 0.2913459539413452, 0.3017694652080536, 0.4211430549621582, 0.28555992245674133, 0.2628854811191559, 0.32357680797576904, 0.2650618553161621, 0.306312620639801, 0.5192713737487793, 0.18832656741142273, 0.2796066999435425, 0.2359887808561325, 0.23075588047504425, 0.2149922400712967, 0.3933408260345459, 0.19753402471542358, 0.1955137997865677, 0.22684727609157562, 0.17562267184257507, 0.13737575709819794, 0.19596797227859497, 0.14626391232013702, 0.12555046379566193, 0.1510361135005951, 0.14374838769435883, 0.2189226895570755, 0.2828170955181122], 'val_get_f1': [0.4745577573776245, 0.7811377644538879, 0.790111243724823, 0.8619376420974731, 0.7842279076576233, 0.6642402410507202, 0.8587486147880554, 0.894557774066925, 0.824907124042511, 0.8503173589706421, 0.8197051882743835, 0.7914407253265381, 0.9004411101341248, 0.8456131815910339, 0.8537290692329407, 0.8302494883537292, 0.8309977650642395, 0.7616202235221863, 0.8711667656898499, 0.8867325782775879, 0.8600782752037048, 0.8764852285385132, 0.9381735920906067, 0.8624138832092285, 0.9511440992355347, 0.9458832740783691, 0.9108719229698181, 0.921506941318512, 0.8695918321609497, 0.8670582175254822]}

Test loss, test f1: [0.6916303038597107, 0.7574984431266785]

Run 10 results: 
{'loss': [0.9760337471961975, 0.5378432273864746, 0.4260728657245636, 0.3982677161693573, 0.38361111283302307, 0.30944952368736267, 0.33100563287734985, 0.29801052808761597, 0.3132328987121582, 0.2841126322746277, 0.32100287079811096, 0.28738468885421753, 0.29234713315963745], 'get_f1': [0.5811156630516052, 0.6711422801017761, 0.7192675471305847, 0.7455186247825623, 0.7341898679733276, 0.7894043922424316, 0.7813997864723206, 0.8026388883590698, 0.8015155792236328, 0.8018690347671509, 0.7836713194847107, 0.8098544478416443, 0.8166341185569763], 'val_loss': [0.503487765789032, 0.6969403624534607, 0.44641685485839844, 0.4475438594818115, 0.39120131731033325, 0.5091429948806763, 0.5230264663696289, 0.5056800246238708, 0.4508711099624634, 0.5262596607208252, 0.28511983156204224, 0.33423614501953125, 0.48409804701805115], 'val_get_f1': [0.5720139145851135, 0.6638485193252563, 0.6100391745567322, 0.6055088639259338, 0.6546236872673035, 0.7586877346038818, 0.73679119348526, 0.6458449363708496, 0.7997187972068787, 0.6798871159553528, 0.8753013610839844, 0.8040738701820374, 0.6629869341850281]}

Test loss, test f1: [0.8635191917419434, 0.5661360025405884]

Average test results: 0.6853749632835389
